6 7 8 20 31 36 41 52 62 65 75 74 84 94
0 2.0 4.0 6.83 9.66 11.66 13.66 15.66 17.66 19.66 22.49 24.49 27.31 30.14
6 18 19 20 31 36 41 52 62 65 75 85 95 94
0 2.83 4.83 6.83 9.66 11.66 13.66 15.66 17.66 19.66 22.49 25.31 28.14 30.14
6 16 26 35 40 45 55 64 68 80 92 93 94
0 2.83 5.66 8.49 10.49 12.49 15.31 18.14 20.97 23.8 26.63 28.63 30.63
6 17 27 26 35 40 45 55 64 68 80 92 93 94
0 2.0 4.83 6.83 9.66 11.66 13.66 16.49 19.31 22.14 24.97 27.8 29.8 31.8
6 17 27 26 35 40 45 55 64 68 80 92 93 94
0 2.0 4.83 6.83 9.66 11.66 13.66 16.49 19.31 22.14 24.97 27.8 29.8 31.8
6 17 27 26 35 40 45 55 64 68 80 92 93 94
0 2.0 4.83 6.83 9.66 11.66 13.66 16.49 19.31 22.14 24.97 27.8 29.8 31.8